#AntId	Ant	bx	by	   bz		ddly	fdly
#------------------------------------------------------------
ANT000	N11a	0.0	0.0  	10.000		0.0	0.0
ANT001	N11b	0.0	0.0	11.917		0.0	0.0
ANT002	N11c	0.0	0.0	13.834		0.0	0.0
ANT003	N11d	0.0	0.0	15.751		0.0	0.0
ANT004	N11e	0.0	0.0	17.668		0.0	0.0
ANT005	N11f	0.0	0.0	19.585		0.0	0.0
ANT006	N11g	0.0	0.0	21.502		0.0	0.0
ANT007	N11h	0.0	0.0	23.419		0.0	0.0
ANT008	N11i	0.0	0.0	25.336		0.0	0.0
ANT009	N11j	0.0	0.0	27.253		0.0	0.0
ANT010	N11k	0.0	0.0	29.170		0.0	0.0
ANT011	N11l	0.0	0.0	31.087		0.0	0.0
ANT012	N10a	0.0	0.0	33.004		0.0	0.0
ANT013	N10b	0.0	0.0	34.921		0.0	0.0
ANT014	N10c	0.0	0.0	36.838		0.0	0.0
ANT015	N10d	0.0	0.0	38.755		0.0	0.0
ANT016	N10e	0.0	0.0	40.672		0.0	0.0
ANT017	N10f	0.0	0.0	42.589		0.0	0.0
ANT018	N10g	0.0	0.0	44.506		0.0	0.0
ANT019	N10h	0.0	0.0	46.423		0.0	0.0
ANT020	N10i	0.0	0.0	48.340		0.0	0.0
ANT021	N10j	0.0	0.0	50.257		0.0	0.0
ANT022	N10k	0.0	0.0	52.174		0.0	0.0
ANT023	N10l	0.0	0.0	54.091		0.0	0.0
ANT024	N09a	0.0	0.0	56.008		0.0	0.0
ANT025	N09b	0.0	0.0	57.925		0.0	0.0
ANT026	N09c	0.0	0.0	59.842		0.0	0.0
ANT027	N09d	0.0	0.0	61.759		0.0	0.0
ANT028	N09e	0.0	0.0	63.676		0.0	0.0
ANT029	N09f	0.0	0.0	65.593		0.0	0.0
ANT030	N09g	0.0	0.0	67.510		0.0	0.0
ANT031	N09h	0.0	0.0	69.427		0.0	0.0
ANT032	N09i	0.0	0.0	71.344		0.0	0.0
ANT033	N09j	0.0	0.0	73.261		0.0	0.0
ANT034	N09k	0.0	0.0	75.178		0.0	0.0
ANT035	N09l	0.0	0.0	77.095		0.0	0.0
ANT036	N08a	0.0	0.0	79.012		0.0	0.0
ANT037	N08b	0.0	0.0	80.929		0.0	0.0
ANT038	N08c	0.0	0.0	82.846		0.0	0.0
ANT039	N08d	0.0	0.0	84.763		0.0	0.0
ANT040	N08e	0.0	0.0	86.680		0.0	0.0
ANT041	N08f	0.0	0.0	88.597		0.0	0.0
ANT042	N08g	0.0	0.0	90.514		0.0	0.0
ANT043	N08h	0.0	0.0	92.431		0.0	0.0
ANT044	N08i	0.0	0.0	94.348		0.0	0.0
ANT045	N08j	0.0	0.0	96.265		0.0	0.0
ANT046	N08k	0.0	0.0	98.182		0.0	0.0
ANT047	N08l	0.0	0.0	100.099		0.0	0.0
ANT048	N07a	0.0	0.0	102.016		0.0	0.0
ANT049	N07b	0.0	0.0	103.933		0.0	0.0
ANT050	N07c	0.0	0.0	105.850		0.0	0.0
ANT051	N07d	0.0	0.0	107.767		0.0	0.0
ANT052	N07e	0.0	0.0	109.684		0.0	0.0
ANT053	N07f	0.0	0.0	111.601		0.0	0.0
ANT054	N07g	0.0	0.0	113.518		0.0	0.0
ANT055	N07h	0.0	0.0	115.435		0.0	0.0
ANT056	N07i	0.0	0.0	117.352		0.0	0.0
ANT057	N07j	0.0	0.0	119.269		0.0	0.0
ANT058	N07k	0.0	0.0	121.186		0.0	0.0
ANT059	N07l	0.0	0.0	123.103		0.0	0.0
ANT060	N06a	0.0	0.0	125.020		0.0	0.0
ANT061	N06b	0.0	0.0	126.937		0.0	0.0
ANT062	N06c	0.0	0.0	128.854		0.0	0.0
ANT063	N06d	0.0	0.0	130.771		0.0	0.0
ANT064	N06e	0.0	0.0	132.688		0.0	0.0
ANT065	N06f	0.0	0.0	134.605		0.0	0.0
ANT066	N06g	0.0	0.0	136.522		0.0	0.0
ANT067	N06h	0.0	0.0	138.439		0.0	0.0
ANT068	N06i	0.0	0.0	140.356		0.0	0.0
ANT069	N06j	0.0	0.0	142.273		0.0	0.0
ANT070	N06k	0.0	0.0	144.190		0.0	0.0
ANT071	N06l	0.0	0.0	146.107		0.0	0.0
ANT072	N05a	0.0	0.0	148.024		0.0	0.0
ANT073	N05b	0.0	0.0	149.941		0.0	0.0
ANT074	N05c	0.0	0.0	151.858		0.0	0.0
ANT075	N05d	0.0	0.0	153.775		0.0	0.0
ANT076	N05e	0.0	0.0	155.692		0.0	0.0
ANT077	N05f	0.0	0.0	157.609		0.0	0.0
ANT078	N05g	0.0	0.0	159.526		0.0	0.0
ANT079	N05h	0.0	0.0	161.443		0.0	0.0
ANT080	N05i	0.0	0.0	163.360		0.0	0.0
ANT081	N05j	0.0	0.0	165.277		0.0	0.0
ANT082	N05k	0.0	0.0	167.194		0.0	0.0
ANT083	N05l	0.0	0.0	169.111		0.0	0.0
ANT084	N04a	0.0	0.0	171.028		0.0	0.0
ANT085	N04b	0.0	0.0	172.945		0.0	0.0
ANT086	N04c	0.0	0.0	174.862		0.0	0.0
ANT087	N04d	0.0	0.0	176.779		0.0	0.0
ANT088	N04e	0.0	0.0	178.696		0.0	0.0
ANT089	N04f	0.0	0.0	180.613		0.0	0.0
ANT090	N04g	0.0	0.0	182.530		0.0	0.0
ANT091	N04h	0.0	0.0	184.447		0.0	0.0
ANT092	N04i	0.0	0.0	186.364		0.0	0.0
ANT093	N04j	0.0	0.0	188.281		0.0	0.0
ANT094	N04k	0.0	0.0	190.198		0.0	0.0
ANT095	N04l	0.0	0.0	192.115		0.0	0.0
ANT096	N03a	0.0	0.0	194.032		0.0	0.0
ANT097	N03b	0.0	0.0	195.949		0.0	0.0
ANT098	N03c	0.0	0.0	197.866		0.0	0.0
ANT099	N03d	0.0	0.0	199.783		0.0	0.0
ANT100	N03e	0.0	0.0	201.700		0.0	0.0
ANT101	N03f	0.0	0.0	203.617		0.0	0.0
ANT102	N03g	0.0	0.0	205.534		0.0	0.0
ANT103	N03h	0.0	0.0	207.451		0.0	0.0
ANT104	N03i	0.0	0.0	209.368		0.0	0.0
ANT105	N03j	0.0	0.0	211.285		0.0	0.0
ANT106	N03k	0.0	0.0	213.202		0.0	0.0
ANT107	N03l	0.0	0.0	215.119		0.0	0.0
ANT108	N02a	0.0	0.0	217.036		0.0	0.0
ANT109	N02b	0.0	0.0	218.953		0.0	0.0
ANT110	N02c	0.0	0.0	220.870		0.0	0.0
ANT111	N02d	0.0	0.0	222.787		0.0	0.0
ANT112	N02e	0.0	0.0	224.704		0.0	0.0
ANT113	N02f	0.0	0.0	226.621		0.0	0.0
ANT114	N02g	0.0	0.0	228.538		0.0	0.0
ANT115	N02h	0.0	0.0	230.455		0.0	0.0
ANT116	N02i	0.0	0.0	232.372		0.0	0.0
ANT117	N02j	0.0	0.0	234.289		0.0	0.0
ANT118	N02k	0.0	0.0	236.206		0.0	0.0
ANT119	N02l	0.0	0.0	238.123		0.0	0.0
ANT120	N01a	0.0	0.0	240.040		0.0	0.0
ANT121	N01b	0.0	0.0	241.957		0.0	0.0
ANT122	N01c	0.0	0.0	243.874		0.0	0.0
ANT123	N01d	0.0	0.0	245.791		0.0	0.0
ANT124	N01e	0.0	0.0	247.708		0.0	0.0
ANT125	N01f	0.0	0.0	249.625		0.0	0.0
ANT126	N01g	0.0	0.0	251.542		0.0	0.0
ANT127	N01h	0.0	0.0	253.459		0.0	0.0
ANT128	N01i	0.0	0.0	255.376		0.0	0.0
ANT129	N01j	0.0	0.0	257.293		0.0	0.0
ANT130	N01k	0.0	0.0	259.210		0.0	0.0
ANT131	N01l	0.0	0.0	261.127		0.0	0.0
ANT132	S01a	0.0	0.0	263.044		0.0	0.0
ANT133	S01b	0.0	0.0	264.961		0.0	0.0
ANT134	S01c	0.0	0.0	266.878		0.0	0.0
ANT135	S01d	0.0	0.0	268.795		0.0	0.0
ANT136	S01e	0.0	0.0	270.712		0.0	0.0
ANT137	S01f	0.0	0.0	272.629		0.0	0.0
ANT138	S01g	0.0	0.0	274.546		0.0	0.0
ANT139	S01h	0.0	0.0	276.463		0.0	0.0
ANT140	S01i	0.0	0.0	278.380		0.0	0.0
ANT141	S01j	0.0	0.0	280.297		0.0	0.0
ANT142	S01k	0.0	0.0	282.214		0.0	0.0
ANT143	S01l	0.0	0.0	284.131		0.0	0.0
ANT144	S02a	0.0	0.0	286.048		0.0	0.0
ANT145	S02b	0.0	0.0	287.965		0.0	0.0
ANT146	S02c	0.0	0.0	289.882		0.0	0.0
ANT147	S02d	0.0	0.0	291.799		0.0	0.0
ANT148	S02e	0.0	0.0	293.716		0.0	0.0
ANT149	S02f	0.0	0.0	295.633		0.0	0.0
ANT150	S02g	0.0	0.0	297.550		0.0	0.0
ANT151	S02h	0.0	0.0	299.467		0.0	0.0
ANT152	S02i	0.0	0.0	301.384		0.0	0.0
ANT153	S02j	0.0	0.0	303.301		0.0	0.0
ANT154	S02k	0.0	0.0	305.218		0.0	0.0
ANT155	S02l	0.0	0.0	307.135		0.0	0.0
ANT156	S03a	0.0	0.0	309.052		0.0	0.0
ANT157	S03b	0.0	0.0	310.969		0.0	0.0
ANT158	S03c	0.0	0.0	312.886		0.0	0.0
ANT159	S03d	0.0	0.0	314.803		0.0	0.0
ANT160	S03e	0.0	0.0	316.720		0.0	0.0
ANT161	S03f	0.0	0.0	318.637		0.0	0.0
ANT162	S03g	0.0	0.0	320.554		0.0	0.0
ANT163	S03h	0.0	0.0	322.471		0.0	0.0
ANT164	S03i	0.0	0.0	324.388		0.0	0.0
ANT165	S03j	0.0	0.0	326.305		0.0	0.0
ANT166	S03k	0.0	0.0	328.222		0.0	0.0
ANT167	S03l	0.0	0.0	330.139		0.0	0.0
ANT168	S04a	0.0	0.0	332.056		0.0	0.0
ANT169	S04b	0.0	0.0	333.973		0.0	0.0
ANT170	S04c	0.0	0.0	335.890		0.0	0.0
ANT171	S04d	0.0	0.0	337.807		0.0	0.0
ANT172	S04e	0.0	0.0	339.724		0.0	0.0
ANT173	S04f	0.0	0.0	341.641		0.0	0.0
ANT174	S04g	0.0	0.0	343.558		0.0	0.0
ANT175	S04h	0.0	0.0	345.475		0.0	0.0
ANT176	S04i	0.0	0.0	347.392		0.0	0.0
ANT177	S04j	0.0	0.0	349.309		0.0	0.0
ANT178	S04k	0.0	0.0	351.226		0.0	0.0
ANT179	S04l	0.0	0.0	353.143		0.0	0.0
ANT180	S05a	0.0	0.0	355.060		0.0	0.0
ANT181	S05b	0.0	0.0	356.977		0.0	0.0
ANT182	S05c	0.0	0.0	358.894		0.0	0.0
ANT183	S05d	0.0	0.0	360.811		0.0	0.0
ANT184	S05e	0.0	0.0	362.728		0.0	0.0
ANT185	S05f	0.0	0.0	364.645		0.0	0.0
ANT186	S05g	0.0	0.0	366.562		0.0	0.0
ANT187	S05h	0.0	0.0	368.479		0.0	0.0
ANT188	S05i	0.0	0.0	370.396		0.0	0.0
ANT189	S05j	0.0	0.0	372.313		0.0	0.0
ANT190	S05k	0.0	0.0	374.230		0.0	0.0
ANT191	S05l	0.0	0.0	376.147		0.0	0.0
ANT192	S06a	0.0	0.0	378.064		0.0	0.0
ANT193	S06b	0.0	0.0	379.981		0.0	0.0
ANT194	S06c	0.0	0.0	381.898		0.0	0.0
ANT195	S06d	0.0	0.0	383.815		0.0	0.0
ANT196	S06e	0.0	0.0	385.732		0.0	0.0
ANT197	S06f	0.0	0.0	387.649		0.0	0.0
ANT198	S06g	0.0	0.0	389.566		0.0	0.0
ANT199	S06h	0.0	0.0	391.483		0.0	0.0
ANT200	S06i	0.0	0.0	393.400		0.0	0.0
ANT201	S06j	0.0	0.0	395.317		0.0	0.0
ANT202	S06k	0.0	0.0	397.234		0.0	0.0
ANT203	S06l	0.0	0.0	399.151		0.0	0.0
ANT204	S07a	0.0	0.0	401.068		0.0	0.0
ANT205	S07b	0.0	0.0	402.985		0.0	0.0
ANT206	S07c	0.0	0.0	404.902		0.0	0.0
ANT207	S07d	0.0	0.0	406.819		0.0	0.0
ANT208	S07e	0.0	0.0	408.736		0.0	0.0
ANT209	S07f	0.0	0.0	410.653		0.0	0.0
ANT210	S07g	0.0	0.0	412.570		0.0	0.0
ANT211	S07h	0.0	0.0	414.487		0.0	0.0
ANT212	S07i	0.0	0.0	416.404		0.0	0.0
ANT213	S07j	0.0	0.0	418.321		0.0	0.0
ANT214	S07k	0.0	0.0	420.238		0.0	0.0
ANT215	S07l	0.0	0.0	422.155		0.0	0.0
ANT216	S08a	0.0	0.0	424.072		0.0	0.0
ANT217	S08b	0.0	0.0	425.989		0.0	0.0
ANT218	S08c	0.0	0.0	427.906		0.0	0.0
ANT219	S08d	0.0	0.0	429.823		0.0	0.0
ANT220	S08e	0.0	0.0	431.740		0.0	0.0
ANT221	S08f	0.0	0.0	433.657		0.0	0.0
ANT222	S08g	0.0	0.0	435.574		0.0	0.0
ANT223	S08h	0.0	0.0	437.491		0.0	0.0
ANT224	S08i	0.0	0.0	439.408		0.0	0.0
ANT225	S08j	0.0	0.0	441.325		0.0	0.0
ANT226	S08k	0.0	0.0	443.242		0.0	0.0
ANT227	S08l	0.0	0.0	445.159		0.0	0.0
ANT228	S09a	0.0	0.0	447.076		0.0	0.0
ANT229	S09b	0.0	0.0	448.993		0.0	0.0
ANT230	S09c	0.0	0.0	450.910		0.0	0.0
ANT231	S09d	0.0	0.0	452.827		0.0	0.0
ANT232	S09e	0.0	0.0	454.744		0.0	0.0
ANT233	S09f	0.0	0.0	456.661		0.0	0.0
ANT234	S09g	0.0	0.0	458.578		0.0	0.0
ANT235	S09h	0.0	0.0	460.495		0.0	0.0
ANT236	S09i	0.0	0.0	462.412		0.0	0.0
ANT237	S09j	0.0	0.0	464.329		0.0	0.0
ANT238	S09k	0.0	0.0	466.246		0.0	0.0
ANT239	S09l	0.0	0.0	468.163		0.0	0.0
ANT240	S10a	0.0	0.0	470.080		0.0	0.0
ANT241	S10b	0.0	0.0	471.997		0.0	0.0
ANT242	S10c	0.0	0.0	473.914		0.0	0.0
ANT243	S10d	0.0	0.0	475.831		0.0	0.0
ANT244	S10e	0.0	0.0	477.748		0.0	0.0
ANT245	S10f	0.0	0.0	479.665		0.0	0.0
ANT246	S10g	0.0	0.0	481.582		0.0	0.0
ANT247	S10h	0.0	0.0	483.499		0.0	0.0
ANT248	S10i	0.0	0.0	485.416		0.0	0.0
ANT249	S10j	0.0	0.0	487.333		0.0	0.0
ANT250	S10k	0.0	0.0	489.250		0.0	0.0
ANT251	S10l	0.0	0.0	491.167		0.0	0.0
ANT252	S11a	0.0	0.0	493.084		0.0	0.0
ANT253	S11b	0.0	0.0	495.001		0.0	0.0
ANT254	S11c	0.0	0.0	496.918		0.0	0.0
ANT255	S11d	0.0	0.0	498.835		0.0	0.0
ANT256	S11e	0.0	0.0	500.752		0.0	0.0
ANT257	S11f	0.0	0.0	502.669		0.0	0.0
ANT258	S11g	0.0	0.0	504.586		0.0	0.0
ANT259	S11h	0.0	0.0	506.503		0.0	0.0
ANT260	S11i	0.0	0.0	508.420		0.0	0.0
ANT261	S11j	0.0	0.0	510.337		0.0	0.0
ANT262	S11k	0.0	0.0	512.254		0.0	0.0
ANT263	S11l	0.0	0.0	514.171		0.0	0.0
#END		#END
